​	To get the answer, we need to write the adjacenciescy matrix for the graph
$$
\begin{align}
M &= \left[
\begin{matrix}
0 & 1 & 0 & 1 & 1 & 0 \\
1 & 0 & 1 & 0 & 1 & 1 \\
0 & 1 & 0 & 1 & 0 & 1 \\
1 & 0 & 1 & 0 & 1 & 0 \\
1 & 1 & 0 & 1 & 0 & 1 \\
0 & 1 & 1 & 0 & 1 & 0 
\end{matrix}
\right]
\\
M^2 &= \left[
\begin{matrix}
3 & 1 & 2 & 1 & 2 & 2 \\
1 & 4 & 1 & 3 & 2 & 2 \\
2 & 1 & 3 & 0 & 3 & 1 \\
1 & 3 & 0 & 3 & 1 & 2 \\
2 & 2 & 3 & 1 & 4 & 1 \\
2 & 2 & 1 & 2 & 1 & 3
\end{matrix}
\right]
\\
M^3 &= \left[
\begin{matrix}
4 & 9 & 4 & 7 & 7 & 5 \\
9 & 6 & 9 & 4 & 10 & 7 \\
4 & 9 & 2 & 8 & 4 & 7 \\
7 & 4 & 8 & 2 & 9 & 4 \\
7 & 10 & 4 & 9 & 6 & 9 \\
5 & 7 & 7 & 4 & 9 & 4
\end{matrix}
\right]
\\
M^4 &= \left[
\begin{matrix}
23 & 20 & 21 & 15 & 25 & 20 \\
20 & 35 & 17 & 28 & 26 & 25 \\
21 & 17 & 24 & 10 & 28 & 15 \\
15 & 28 & 10 & 24 & 17 & 21\\
25 & 26 & 28 & 17 & 35 & 20 \\
20 & 25 & 15 & 21 & 20 & 23
\end{matrix}
\right]
\\
M^5 &= \left[
\begin{matrix}
60 & 89 & 55 & 69 & 78 & 66 \\
89 & 88 & 88 & 63 & 108 & 78 \\
55 & 88 & 42 & 73 & 63 & 69 \\
69 & 63 & 73 & 42 & 88 & 55\\
78 & 108 & 63 & 88 & 88 & 89 \\
66 & 78 & 69 & 55 & 89 & 60
\end{matrix}
\right]
\\
M^6 &= \left[
\begin{matrix}
236 & 259 & 224 & 193 & 284 & 222 \\
259 & 363 & 229 & 285 & 318 & 284 \\
224 & 229 & 230 & 160 & 285 & 193 \\
193 & 285 & 160 & 230 & 229 & 224\\
284 & 318 & 285 & 229 & 363 & 259 \\
222 & 284 & 193 & 224 & 259 & 236
\end{matrix}
\right]\\
M^7 &= \left[
\begin{matrix}
736 & 966 & 674 & 744 & 910 & 767 \\
966 & 1090 & 932 & 806 & 1191 & 910 \\
674 & 932 & 582 & 739 & 806 & 744 \\
744 & 806 & 739 & 582 & 932 & 674\\
910 & 1191 & 806 & 932 & 1090 & 966 \\
767 & 910 & 744 & 674 & 966 & 736
\end{matrix}
\right]
\end{align}
$$
 So according to the matrixes,

 The number of paths between c and d in the graph of length 2 is 0

 The number of paths between c and d in the graph of length 3 is 8

 The number of paths between c and d in the graph of length 4 is 10

 The number of paths between c and d in the graph of length 5 is 73

 The number of paths between c and d in the graph of length 6 is 160

 The number of paths between c and d in the graph of length 7 is 739

`s